(1, 0.6666666666666666, 0.865659573802078, 0.33333333333333337)
(2, 0.4166666666666667, 0.2633501382618426, 0.24999999999999994)
(3, 0.2442528735632184, 0.07616527925098254, 0.1724137931034483)
(4, 0.13541804641853208, 0.02099734571388312, 0.10883482714468631)
(5, 0.07200280711883068, 0.005571463354509154, 0.0634152392997014)
(6, 0.037252464662030485, 0.001440418075704613, 0.0347503424568002)
(7, 0.018966824905442693, 0.00036662869869792176, 0.018285639756587792)
(8, 0.009572502685051084, 9.251417466650246e-05, 0.00939432222039161)
(9, 0.004809050422313128, 2.3238452567273028e-05, 0.004763452262737956)
(10, 0.0024102930836528195, 5.8235322662886165e-06, 0.002398757338660308)
(11, 0.0012065971717919995, 1.4576344519422608e-06, 0.00120369591186082)
(12, 0.0006036623356300438, 3.6462826138282204e-07, 0.0006029348361619557)
(13, 0.0003019222423797442, 9.118456693689363e-08, 0.00030174009325029957)
(14, 0.00015098390701021, 2.2799582286221358e-08, 0.00015093833536953418)
(15, 7.549765210995021e-05, 5.70032581908545e-09, 7.54862549002598e-05)
(16, 3.775025097505458e-05, 1.425135246877398e-09, 3.7747401134895635e-05)
(17, 1.887548175116494e-05, 3.5629053643060925e-10, 1.887476922388964e-05)
(18, 9.437829945694685e-06, 8.907347474019162e-11, 9.437651805470254e-06)
(19, 4.7189372409007825e-06, 2.2268473766842506e-11, 4.7188927047939024e-06)
(20, 2.3594741875294266e-06, 5.5671315771054065e-12, 2.359463053371356e-06)
(21, 1.1797384855426816e-06, 1.3917845362113523e-12, 1.179735701986745e-06)
(22, 5.898695907168591e-07, 3.4794633929537906e-13, 5.898688948258225e-07)
(23, 2.949348823449375e-07, 8.698661047920405e-14, 2.949347083719216e-07)
(24, 1.4746746291911176e-07, 2.174665582672353e-14, 1.4746741942582571e-07)
(25, 7.373373689621863e-08, 5.4366643575463565e-15, 7.373372602289313e-08)
(26, 3.686686980727525e-08, 1.3591661394947836e-15, 3.686686708894338e-08)
(27, 1.8433435243429136e-08, 3.397915411372207e-16, 1.8433434563846112e-08)
(28, 9.216717706662452e-09, 8.494788606724585e-17, 9.216717536766684e-09)
